# BRON: KONINKLIJK NEDERLANDS METEOROLOGISCH INSTITUUT (KNMI)
# Opmerking: door stationsverplaatsingen en veranderingen in waarneemmethodieken zijn deze tijdreeksen van dagwaarden mogelijk inhomogeen! Dat betekent dat deze reeks van gemeten waarden niet geschikt is voor trendanalyse. Voor studies naar klimaatverandering verwijzen we naar de gehomogeniseerde reeks maandtemperaturen van De Bilt <http://www.knmi.nl/kennis-en-datacentrum/achtergrond/gehomogeniseerde-reeks-maandtemperaturen-de-bilt> of de Centraal Nederland Temperatuur <http://www.knmi.nl/kennis-en-datacentrum/achtergrond/centraal-nederland-temperatuur-cnt>.
# 
# 
# STN      LON(east)   LAT(north)     ALT(m)  NAME
# 344:         4.447       51.962      -4.30  ROTTERDAM
# 
# YYYYMMDD = Datum (YYYY=jaar MM=maand DD=dag); 
# FG       = Etmaalgemiddelde windsnelheid (in 0.1 m/s); 
# FHX      = Hoogste uurgemiddelde windsnelheid (in 0.1 m/s); 
# TG       = Etmaalgemiddelde temperatuur (in 0.1 graden Celsius); 
# TN       = Minimum temperatuur (in 0.1 graden Celsius); 
# TX       = Maximum temperatuur (in 0.1 graden Celsius); 
# SQ       = Zonneschijnduur (in 0.1 uur) berekend uit de globale straling (-1 voor <0.05 uur); 
# SP       = Percentage van de langst mogelijke zonneschijnduur; 
# DR       = Duur van de neerslag (in 0.1 uur); 
# RH       = Etmaalsom van de neerslag (in 0.1 mm) (-1 voor <0.05 mm); 
# RHX      = Hoogste uursom van de neerslag (in 0.1 mm) (-1 voor <0.05 mm); 
# 
# STN,YYYYMMDD,   FG,  FHX,   TG,   TN,   TX,   SQ,   SP,   DR,   RH,  RHX
# 
  344,20160101,   39,   70,   56,   17,   87,   40,   51,    0,    0,    0
  344,20160102,   55,   70,   69,   53,   83,    7,    9,   93,   62,   15
  344,20160103,   70,   90,   73,   48,   88,   12,   15,  117,  126,   24
  344,20160104,   44,   60,   66,   46,   79,   15,   19,   70,   52,   10
  344,20160105,   43,   50,   70,   59,   79,    0,    0,   16,    5,    1
  344,20160106,   34,   40,   54,   42,   69,    2,    3,   20,   13,    6
  344,20160107,   78,  130,   68,   57,   89,    0,    0,   68,  166,   49
  344,20160108,   56,   90,   60,   33,   82,   62,   77,    0,   -1,   -1
  344,20160109,   61,   90,   64,   35,   82,    8,   10,    7,    6,    4
  344,20160110,   72,  100,   69,   49,   89,   22,   27,   14,   25,   15
  344,20160111,   51,   70,   57,   34,   74,    2,    2,   33,   48,   36
  344,20160112,   62,   80,   65,   50,   75,    8,   10,   67,   87,   18
  344,20160113,   55,  110,   54,   25,   71,   22,   27,   49,   62,   20
  344,20160114,   63,   90,   42,   23,   58,   10,   12,  113,  175,   32
  344,20160115,   26,   50,   27,    4,   48,    2,    2,   58,   94,   24
  344,20160116,   58,  100,   35,    1,   64,   45,   54,   28,   55,   18
  344,20160117,   24,   50,   -2,  -49,   32,   71,   85,    0,    0,    0
  344,20160118,   32,   40,  -19,  -36,    5,   73,   87,    0,    0,    0
  344,20160119,   22,   40,  -10,  -68,   20,   23,   27,    4,    1,    1
  344,20160120,   15,   30,   21,  -21,   53,    7,    8,   25,   54,   18
  344,20160121,   27,   40,   -1,  -35,   13,    0,    0,    0,    0,    0
  344,20160122,   55,   70,   24,   -8,   73,   22,   26,   46,   37,   19
  344,20160123,   45,   60,   73,   40,   98,   70,   81,    0,    0,    0
  344,20160124,   52,   60,   81,   55,  107,    0,    0,   44,   29,   12
  344,20160125,   57,   90,  104,   72,  140,   67,   77,    0,    0,    0
  344,20160126,   80,  110,   91,   67,  105,   40,   46,   46,   35,   13
  344,20160127,   97,  120,  107,   83,  119,    0,    0,   95,  128,   30
  344,20160128,   61,   90,   66,   47,   91,   68,   77,    4,    1,    1
  344,20160129,  100,  120,   87,   60,  104,    0,    0,   41,   18,    7
  344,20160130,   84,  120,   75,   47,   97,    2,    2,  103,  159,   29
  344,20160131,   66,  120,   76,   52,  117,    0,    0,   67,   39,   12
  344,20160201,  120,  140,  112,  104,  118,    0,    0,    0,   -1,   -1
  344,20160202,   89,  110,   86,   64,  108,   27,   30,    4,    2,    2
  344,20160203,   56,   80,   52,   12,   69,   42,   46,   12,   12,    8
  344,20160204,   49,   90,   58,   15,   97,   10,   11,   49,   41,   11
  344,20160205,   62,   90,   90,   50,  111,    0,    0,    5,    2,    1
  344,20160206,   69,   80,   96,   83,  108,    5,    5,    0,    0,    0
  344,20160207,   94,  120,   85,   65,  125,   41,   43,   25,   21,    8
  344,20160208,  130,  160,   86,   69,   96,   25,   26,   46,   77,   25
  344,20160209,   63,  120,   55,   36,   81,    0,    0,   59,  101,   28
  344,20160210,   49,   70,   52,   24,   76,   20,   21,   56,   93,   26
  344,20160211,   32,   60,   41,    4,   80,   63,   65,    0,    0,    0
  344,20160212,   31,   40,   28,  -12,   60,   17,   17,    1,    1,    1
  344,20160213,   48,   70,   17,  -27,   44,   29,   30,    8,    1,    1
  344,20160214,   53,   80,   22,   14,   31,    0,    0,  213,   89,    9
  344,20160215,   47,   70,   26,  -28,   68,   68,   68,    0,   -1,   -1
  344,20160216,   16,   40,    7,  -44,   66,   91,   91,    0,    0,    0
  344,20160217,   25,   30,    1,  -33,   36,   91,   90,    0,    0,    0
  344,20160218,   39,   50,   15,   -4,   30,    2,    2,  101,   36,    7
  344,20160219,   44,   90,   46,  -12,   80,   78,   77,    9,    2,    1
  344,20160220,   95,  120,   86,   50,  112,    0,    0,  105,   92,   17
  344,20160221,  122,  150,  104,   92,  112,    0,    0,   27,   47,   19
  344,20160222,   55,  130,   67,   41,  109,    0,    0,   88,   72,   19
  344,20160223,   36,   70,   44,   11,   80,   57,   55,   13,   19,    9
  344,20160224,   21,   40,   26,   -9,   72,   72,   68,    6,    5,    2
  344,20160225,   31,   60,   20,  -15,   64,   49,   46,   17,   18,    6
  344,20160226,   23,   40,   30,   -6,   62,   21,   20,    0,   -1,   -1
  344,20160227,   47,   70,   28,   -6,   64,   98,   92,    0,    0,    0
  344,20160228,   48,   90,   23,  -15,   63,   90,   83,    0,    0,    0
  344,20160229,   28,   50,   19,  -24,   63,   79,   73,    0,    0,    0
  344,20160301,   64,  100,   36,  -33,   91,    0,    0,   74,   87,   21
  344,20160302,   68,  100,   54,   29,   90,   33,   30,   49,   60,   11
  344,20160303,   33,   60,   44,    1,   85,   86,   78,    0,   -1,   -1
  344,20160304,   45,   90,   29,  -20,   71,   11,   10,   87,  121,   25
  344,20160305,   22,   40,   24,  -34,   77,   58,   52,    7,    5,    3
  344,20160306,   25,   60,   31,   -4,   77,   44,   39,   19,   14,    5
  344,20160307,   21,   40,   30,   -1,   75,   91,   81,   29,   38,   19
  344,20160308,   36,   60,   43,   -1,   77,   51,   45,    5,   10,    8
  344,20160309,   71,  100,   57,   29,   93,   74,   65,    0,    0,    0
  344,20160310,   30,   50,   42,  -20,   92,  103,   90,    0,    0,    0
  344,20160311,   30,   50,   36,  -10,   91,  102,   89,    0,    0,    0
  344,20160312,   22,   40,   34,  -25,   94,  109,   94,    0,    0,    0
  344,20160313,   48,   70,   36,  -20,   96,  107,   92,    0,    0,    0
  344,20160314,   55,   70,   41,  -11,   98,  107,   91,    0,    0,    0
  344,20160315,   32,   60,   49,  -10,   76,   14,   12,    0,    0,    0
  344,20160316,   52,   80,   45,    9,   92,   86,   73,    0,    0,    0
  344,20160317,   33,   50,   50,   -9,  110,  110,   92,    0,    0,    0
  344,20160318,   34,   50,   55,   30,   72,    0,    0,    0,   -1,   -1
  344,20160319,   41,   50,   64,   53,   80,    0,    0,    0,    0,    0
  344,20160320,   35,   50,   66,   34,   96,   15,   12,   19,    9,    3
  344,20160321,   35,   50,   72,   44,   95,    0,    0,    9,    4,    2
  344,20160322,   34,   50,   72,   28,  119,   40,   33,    0,    0,    0
  344,20160323,   38,   60,   77,   28,  102,   22,   18,    3,    2,    2
  344,20160324,   44,   80,   78,   60,  101,    0,    0,   25,   11,    6
  344,20160325,   53,   80,   69,   18,  102,   35,   28,   93,   63,   12
  344,20160326,   70,   90,   98,   21,  149,   86,   69,    3,    5,    5
  344,20160327,   71,  110,   87,   60,  129,   50,   40,   77,  122,   42
  344,20160328,  112,  160,   93,   70,  118,   70,   55,   24,   39,   24
  344,20160329,   76,  110,   82,   57,  110,   67,   53,   54,   88,   29
  344,20160330,   54,   80,   82,   57,  110,   80,   63,    2,    4,    3
  344,20160331,   30,   50,   79,   35,  116,   21,   16,    5,    4,    4
  344,20160401,   26,   40,   83,   16,  130,  100,   77,    0,    0,    0
  344,20160402,   29,   50,  108,   81,  137,   12,    9,   14,    2,    1
  344,20160403,   39,   60,  149,  122,  199,   82,   63,   30,   19,   10
  344,20160404,   42,   80,  127,   90,  150,   39,   30,   25,   19,   12
  344,20160405,   38,   60,  104,   78,  126,   32,   24,    0,   -1,   -1
  344,20160406,   75,  110,   88,   70,  110,   23,   17,   34,   34,   12
  344,20160407,   55,   70,   71,   40,  102,   54,   41,   33,   76,   29
  344,20160408,   23,   60,   73,   15,  125,   74,   55,    0,   -1,   -1
  344,20160409,   41,   70,  100,   51,  149,   62,   46,   10,    8,    8
  344,20160410,   37,   60,  102,   46,  140,  117,   87,   23,   17,   11
  344,20160411,   59,   90,  132,   83,  184,   89,   65,    5,    7,    7
  344,20160412,   38,   60,  116,   63,  165,   73,   53,    0,   -1,   -1
  344,20160413,   24,   40,  105,   59,  160,   86,   63,    0,   -1,   -1
  344,20160414,   28,   50,  120,   53,  167,   88,   64,    0,   -1,   -1
  344,20160415,   40,   80,  104,   92,  134,   12,    9,   98,  120,   26
  344,20160416,   59,   90,   79,   47,  110,   54,   39,   33,   47,   28
  344,20160417,   32,   60,   61,   20,  109,  103,   74,    6,    8,    3
  344,20160418,   55,   90,   86,   16,  127,   78,   56,    0,    0,    0
  344,20160419,   37,   50,   92,   22,  130,  108,   77,    0,    0,    0
  344,20160420,   33,   60,   79,   10,  135,  131,   92,    0,    0,    0
  344,20160421,   45,   60,   99,   20,  159,  122,   86,    0,    0,    0
  344,20160422,   42,   60,   88,   63,  120,   29,   20,    0,    0,    0
  344,20160423,   46,   70,   63,   30,   99,   82,   57,    7,   14,   11
  344,20160424,   45,   80,   48,   14,   96,   86,   60,   20,   36,   12
  344,20160425,   44,   60,   51,    8,   82,   16,   11,   43,  119,   34
  344,20160426,   75,  100,   58,   25,   90,   55,   38,   30,   42,   11
  344,20160427,   53,   80,   57,   31,   91,   45,   31,   60,   86,   20
  344,20160428,   40,   60,   57,   11,   93,  108,   74,    6,    8,    7
  344,20160429,   74,  100,   83,   55,  112,   51,   35,   33,   56,   22
  344,20160430,   33,   60,   73,   13,  114,   76,   51,    0,   -1,   -1
  344,20160501,   18,   30,   77,    5,  138,  133,   90,    0,    0,    0
  344,20160502,   48,   70,  111,   22,  167,   85,   57,   16,   44,   33
  344,20160503,   35,   60,   97,   34,  129,  125,   83,    8,    5,    5
  344,20160504,   29,   40,  111,   42,  166,   94,   63,    0,    0,    0
  344,20160505,   40,   60,  136,   67,  186,  140,   93,    0,    0,    0
  344,20160506,   35,   60,  168,  103,  240,  132,   87,    0,    0,    0
  344,20160507,   31,   50,  193,  100,  265,   96,   63,    0,    0,    0
  344,20160508,   54,   70,  203,  140,  257,  135,   88,    0,    0,    0
  344,20160509,   61,   70,  202,  147,  246,  110,   72,    0,    0,    0
  344,20160510,   35,   60,  185,  153,  212,    9,    6,    0,   -1,   -1
  344,20160511,   41,   50,  196,  153,  249,   68,   44,    0,    0,    0
  344,20160512,   54,   90,  196,  118,  252,  140,   90,    0,    0,    0
  344,20160513,   55,   70,  152,   89,  221,  132,   85,    0,    0,    0
  344,20160514,   55,   70,   87,   54,  121,   78,   50,   12,   23,   12
  344,20160515,   43,   70,   82,   43,  118,   49,   31,   11,   11,    3
  344,20160516,   23,   40,   93,   42,  131,   31,   20,   26,   16,    6
  344,20160517,   43,   60,  131,   81,  175,   97,   62,    0,    0,    0
  344,20160518,   34,   50,  136,  100,  181,   25,   16,   10,   11,    9
  344,20160519,   30,   60,  131,  107,  169,   27,   17,   21,    6,    2
  344,20160520,   53,   80,  140,  117,  181,   33,   21,   20,    7,    2
  344,20160521,   53,   80,  183,  122,  233,   34,   21,    0,   -1,   -1
  344,20160522,   27,   50,  145,  116,  185,    3,    2,  100,  113,   30
  344,20160523,   48,   60,  117,  103,  139,    0,    0,  111,   85,   20
  344,20160524,   45,   60,  112,   98,  142,   27,   17,    0,    0,    0
  344,20160525,   18,   30,  117,   79,  144,   17,   11,   15,    6,    3
  344,20160526,   19,   50,  127,   53,  188,   81,   50,    0,    0,    0
  344,20160527,   33,   50,  160,  107,  215,   83,   51,    0,    0,    0
  344,20160528,   28,   50,  172,  110,  219,   95,   59,    0,   -1,   -1
  344,20160529,   36,   60,  165,  133,  205,   23,   14,   36,   16,    6
  344,20160530,   63,   80,  140,  132,  150,    0,    0,   43,  158,   91
  344,20160531,   35,   60,  179,  124,  227,   74,   45,    0,    0,    0
  344,20160601,   38,   60,  166,  130,  214,   45,   27,    3,   12,   12
  344,20160602,   54,   70,  134,  121,  153,    0,    0,    0,   -1,   -1
  344,20160603,   26,   40,  150,  122,  200,   39,   24,    0,   -1,   -1
  344,20160604,   23,   60,  187,  129,  273,   81,   49,    6,   97,   96
  344,20160605,   33,   60,  191,  116,  264,  137,   83,    0,    0,    0
  344,20160606,   28,   40,  188,  106,  260,  150,   91,    0,   -1,   -1
  344,20160607,   34,   50,  204,  158,  268,   75,   45,    0,   -1,   -1
  344,20160608,   33,   50,  158,  126,  209,  125,   75,    0,    0,    0
  344,20160609,   31,   50,  145,   96,  185,  132,   80,    0,   -1,   -1
  344,20160610,   18,   30,  159,   87,  209,   81,   49,    0,   -1,   -1
  344,20160611,   19,   30,  160,  126,  202,   13,    8,  102,   57,   12
  344,20160612,   22,   50,  172,  139,  219,   26,   16,   41,   73,   37
  344,20160613,   44,   60,  156,  146,  181,   21,   13,   20,   25,    7
  344,20160614,   37,   70,  152,  118,  189,   37,   22,   49,  166,   42
  344,20160615,   27,   40,  151,  119,  177,   34,   20,   23,   32,   19
  344,20160616,   19,   40,  150,   96,  198,   51,   31,   52,  114,   52
  344,20160617,   18,   40,  148,  105,  189,   22,   13,   82,   37,    8
  344,20160618,   37,   60,  133,  107,  164,   22,   13,   38,   41,   16
  344,20160619,   35,   50,  157,  111,  201,   90,   54,    0,    0,    0
  344,20160620,   59,   70,  158,  143,  167,    5,    3,  136,  215,   45
  344,20160621,   30,   40,  164,  128,  203,   14,    8,   12,    8,    7
  344,20160622,   32,   40,  205,  124,  256,   96,   57,    3,  131,  131
  344,20160623,   26,   50,  211,  181,  270,   43,   26,   45,  368,  160
  344,20160624,   33,   50,  184,  122,  215,   74,   44,    0,   -1,   -1
  344,20160625,   27,   50,  156,  120,  195,   53,   32,    0,   -1,   -1
  344,20160626,   47,   60,  161,  129,  194,   96,   57,    5,    3,    3
  344,20160627,   40,   60,  156,  116,  181,   39,   23,   20,   20,   12
  344,20160628,   31,   50,  168,   99,  223,   47,   28,   27,   51,   43
  344,20160629,   65,   90,  162,  136,  209,   42,   25,   36,   13,    5
  344,20160630,   56,   70,  164,  142,  196,   15,    9,   75,  156,   94
  344,20160701,   69,   80,  167,  144,  182,    2,    1,   30,   67,   43
  344,20160702,   65,   90,  152,  127,  180,  115,   69,    6,   12,   10
  344,20160703,   40,   60,  158,  114,  193,  116,   70,    0,    0,    0
  344,20160704,   20,   40,  170,   99,  223,  103,   62,    0,    0,    0
  344,20160705,   56,   80,  151,  104,  181,   45,   27,   13,   19,   13
  344,20160706,   26,   50,  153,  103,  195,  114,   69,   14,   36,   28
  344,20160707,   31,   60,  171,  101,  226,   53,   32,    0,   -1,   -1
  344,20160708,   52,   80,  177,  152,  213,   38,   23,    8,   10,    6
  344,20160709,   46,   80,  196,  148,  241,   90,   55,    0,    0,    0
  344,20160710,   49,   70,  204,  161,  262,   78,   47,    0,    0,    0
  344,20160711,   88,  120,  183,  162,  218,   80,   49,    0,    0,    0
  344,20160712,   40,   60,  169,  125,  207,   55,   34,    7,   10,    8
  344,20160713,   37,   70,  155,  116,  190,   81,   50,    9,    3,    2
  344,20160714,   35,   60,  150,   96,  194,  127,   78,    0,    0,    0
  344,20160715,   40,   70,  169,   99,  208,   98,   60,    0,    0,    0
  344,20160716,   44,   50,  196,  172,  225,   20,   12,    0,    0,    0
  344,20160717,   28,   50,  198,  160,  234,   69,   43,    0,   -1,   -1
  344,20160718,   18,   40,  209,  148,  264,  138,   85,    0,    0,    0
  344,20160719,   30,   50,  242,  146,  303,  149,   92,    0,    0,    0
  344,20160720,   43,   70,  248,  185,  334,  119,   74,    0,    0,    0
  344,20160721,   33,   60,  206,  169,  247,  116,   72,    0,    0,    0
  344,20160722,   18,   30,  206,  171,  247,   74,   46,    0,   -1,   -1
  344,20160723,   26,   40,  205,  174,  249,   73,   46,    0,   -1,   -1
  344,20160724,   25,   50,  203,  164,  249,   87,   55,    0,   -1,   -1
  344,20160725,   36,   60,  187,  131,  223,   52,   33,    2,    2,    2
  344,20160726,   23,   40,  193,  138,  237,   86,   54,    0,    0,    0
  344,20160727,   43,   70,  178,  149,  202,   22,   14,   42,   38,   11
  344,20160728,   36,   60,  186,  160,  225,   34,   22,   16,   17,   10
  344,20160729,   54,   70,  187,  162,  215,   23,   15,   18,   15,    7
  344,20160730,   24,   40,  184,  159,  219,   14,    9,    9,   17,   12
  344,20160731,   28,   60,  168,  136,  204,   66,   42,    8,    2,    1
  344,20160801,   36,   60,  174,  142,  210,   94,   61,    4,   16,   15
  344,20160802,   41,   60,  169,  137,  191,    0,    0,  154,   62,   10
  344,20160803,   76,   90,  191,  169,  218,   32,   21,   54,   32,    8
  344,20160804,   63,   80,  180,  163,  214,   70,   46,    4,    2,    1
  344,20160805,   34,   60,  178,  139,  215,  125,   82,    0,    0,    0
  344,20160806,   35,   60,  178,  134,  218,  111,   73,   11,    4,    2
  344,20160807,   63,   90,  190,  152,  228,   22,   14,    0,   -1,   -1
  344,20160808,   49,   70,  172,  138,  200,   73,   48,    4,    2,    2
  344,20160809,   34,   60,  147,  111,  186,   89,   59,   18,   30,   11
  344,20160810,   29,   50,  129,   84,  173,   81,   54,   23,   46,   25
  344,20160811,   45,   60,  147,   91,  179,    0,    0,  140,  145,   33
  344,20160812,   54,   80,  190,  160,  224,   53,   36,   11,    7,    5
  344,20160813,   40,   60,  179,  145,  210,   43,   29,    0,    0,    0
  344,20160814,   22,   40,  174,  112,  225,   71,   48,    0,    0,    0
  344,20160815,   29,   50,  167,  107,  220,  109,   74,    0,    0,    0
  344,20160816,   38,   50,  164,  108,  215,  123,   84,    0,    0,    0
  344,20160817,   40,   70,  180,  112,  251,  135,   93,    0,    0,    0
  344,20160818,   29,   50,  180,  104,  246,  123,   85,    0,    0,    0
  344,20160819,   35,   90,  187,  124,  246,   33,   23,    9,    8,    5
  344,20160820,   62,   90,  184,  154,  233,   81,   56,    0,    0,    0
  344,20160821,   65,   80,  171,  149,  201,   49,   34,   84,  238,   53
  344,20160822,   62,  100,  188,  160,  228,   62,   43,   62,   37,   12
  344,20160823,   27,   40,  224,  163,  281,  129,   91,    0,    0,    0
  344,20160824,   28,   40,  249,  159,  319,  128,   90,    0,    0,    0
  344,20160825,   23,   40,  254,  157,  324,  132,   94,    0,    0,    0
  344,20160826,   23,   40,  208,  167,  244,  104,   74,    0,   -1,   -1
  344,20160827,   42,   70,  220,  161,  273,  119,   85,    0,    0,    0
  344,20160828,   55,  100,  201,  181,  226,   76,   55,    5,   80,   80
  344,20160829,   24,   50,  170,  109,  213,   78,   56,    5,   24,   24
  344,20160830,   16,   30,  171,  102,  238,  114,   83,    0,    0,    0
  344,20160831,   22,   50,  181,  104,  248,  116,   85,    0,    0,    0
  344,20160901,   26,   50,  185,  126,  229,  101,   74,    0,    0,    0
  344,20160902,   44,   70,  174,  130,  216,   35,   26,   18,    8,    4
  344,20160903,   43,   60,  188,  160,  226,   49,   36,   12,    4,    2
  344,20160904,   67,  100,  184,  160,  206,   46,   34,    9,   44,   20
  344,20160905,   25,   40,  184,  149,  223,  103,   77,    0,    0,    0
  344,20160906,   25,   40,  197,  153,  225,    4,    3,    0,   -1,   -1
  344,20160907,   20,   40,  199,  130,  266,  122,   92,    0,    0,    0
  344,20160908,   36,   70,  199,  134,  274,  122,   92,    0,    0,    0
  344,20160909,   31,   40,  188,  138,  233,  111,   85,    0,    0,    0
  344,20160910,   35,   60,  199,  147,  255,   94,   72,    0,    0,    0
  344,20160911,   22,   40,  194,  161,  225,   28,   22,   16,    9,    5
  344,20160912,   23,   50,  223,  172,  285,   91,   70,    0,    0,    0
  344,20160913,   29,   50,  245,  169,  321,  117,   91,    0,    0,    0
  344,20160914,   24,   40,  232,  163,  317,  111,   87,    0,    0,    0
  344,20160915,   33,   60,  216,  154,  288,   93,   73,   13,   70,   67
  344,20160916,   46,   60,  181,  162,  221,   35,   28,    0,    0,    0
  344,20160917,   24,   30,  180,  145,  229,   48,   38,    5,    3,    2
  344,20160918,   28,   60,  172,  126,  211,   79,   63,    0,    0,    0
  344,20160919,   10,   20,  148,   98,  200,   10,    8,    0,    0,    0
  344,20160920,   16,   30,  160,  113,  204,   53,   43,    0,    0,    0
  344,20160921,   23,   40,  154,  101,  207,   44,   36,    0,    0,    0
  344,20160922,   20,   40,  157,   88,  215,   58,   47,    0,    0,    0
  344,20160923,   27,   50,  148,  101,  193,  102,   84,    2,   23,   23
  344,20160924,   42,   70,  181,   99,  240,  107,   88,    0,    0,    0
  344,20160925,   49,   70,  168,  120,  226,   64,   53,    0,   -1,   -1
  344,20160926,   15,   30,  141,   83,  184,   25,   21,    3,    1,    1
  344,20160927,   38,   60,  157,   63,  217,   87,   73,    5,    4,    4
  344,20160928,   70,   80,  184,  163,  210,   84,   71,    9,    6,    6
  344,20160929,   70,  100,  162,  143,  183,    0,    0,   29,   51,   40
  344,20160930,   43,   70,  151,  122,  186,   66,   56,    0,   -1,   -1
  344,20161001,   41,   60,  139,  106,  190,   37,   32,    8,   30,   19
  344,20161002,   54,   80,  131,  102,  166,   49,   42,   58,  102,   20
  344,20161003,   33,   50,  148,  111,  186,   58,   50,   42,  238,  104
  344,20161004,   47,   60,  128,  100,  180,   51,   44,    0,    0,    0
  344,20161005,   58,   90,  101,   55,  144,  104,   91,    0,    0,    0
  344,20161006,   44,   70,   99,   40,  138,   78,   69,    0,    0,    0
  344,20161007,   38,   60,  118,   91,  151,   31,   28,    0,    0,    0
  344,20161008,   25,   40,  114,   67,  156,   70,   62,   16,   13,    7
  344,20161009,   13,   30,   83,   16,  146,   84,   75,    0,   -1,   -1
  344,20161010,   19,   40,   79,   33,  133,   55,   50,    0,    0,    0
  344,20161011,   16,   30,   86,    8,  128,   18,   16,    0,    0,    0
  344,20161012,   51,   70,   93,   59,  131,   11,   10,    0,    0,    0
  344,20161013,   62,   80,   92,   71,  120,   56,   51,    0,    0,    0
  344,20161014,   46,   60,  100,   70,  128,   23,   21,   39,   52,   17
  344,20161015,   40,   60,  122,   98,  147,   32,   30,   70,   58,   17
  344,20161016,   39,   70,  146,  101,  199,   89,   83,    6,    4,    4
  344,20161017,   35,   50,  131,  113,  164,   49,   46,   15,    8,    5
  344,20161018,   53,   80,  110,   84,  126,   22,   21,   43,  115,   69
  344,20161019,   43,  100,   98,   48,  130,   43,   41,   36,   53,   16
  344,20161020,   27,   50,   90,   39,  141,   20,   19,   17,   21,   12
  344,20161021,   16,   30,   77,    9,  136,   66,   64,    3,    4,    4
  344,20161022,   18,   40,   61,   -2,  101,   29,   28,    0,    0,    0
  344,20161023,   19,   40,   51,  -12,  112,   89,   87,    0,    0,    0
  344,20161024,   30,   40,   77,   44,  103,    7,    7,    0,    0,    0
  344,20161025,   14,   30,   92,   59,  112,    0,    0,    0,    0,    0
  344,20161026,   29,   50,  101,   54,  134,   29,   29,    0,   -1,   -1
  344,20161027,   44,   60,  121,   95,  142,   14,   14,    0,    0,    0
  344,20161028,   38,   60,  137,  103,  154,    2,    2,    0,   -1,   -1
  344,20161029,   10,   30,  107,   60,  166,   65,   66,    0,    0,    0
  344,20161030,   11,   20,   99,   44,  153,   45,   46,    0,    0,    0
  344,20161031,   10,   20,   90,   39,  163,   81,   83,    0,    0,    0
  344,20161101,   20,   50,   90,   42,  142,    3,    3,   16,   24,   12
  344,20161102,   33,   70,   79,   35,  122,   46,   48,   35,   35,    7
  344,20161103,   30,   60,   81,   32,  113,   23,   24,   21,   13,    5
  344,20161104,   51,   60,   82,   68,   99,   21,   22,   52,   32,    9
  344,20161105,   31,   50,   73,   37,  109,   26,   28,   57,   51,    9
  344,20161106,   39,   60,   71,   51,  101,   11,   12,   52,   81,   20
  344,20161107,   30,   50,   52,    8,   65,    6,    6,   22,    8,    4
  344,20161108,   28,   60,   25,  -31,   70,   33,   36,   31,   83,   53
  344,20161109,   33,   50,   39,   18,   52,    0,    0,  123,   44,    7
  344,20161110,   28,   50,   50,   31,   68,    2,    2,   72,  120,   49
  344,20161111,   28,   50,   25,  -38,   67,   78,   86,    0,    0,    0
  344,20161112,   39,   60,   27,  -26,   56,    7,    8,   10,    4,    2
  344,20161113,   29,   40,   42,   -5,   59,    0,    0,   44,   20,    6
  344,20161114,   38,   70,   36,  -30,   82,    0,    0,   77,   28,    6
  344,20161115,   40,   60,  117,   82,  133,    0,    0,   71,   23,    7
  344,20161116,   57,   80,  120,   83,  139,   30,   34,   91,   89,   20
  344,20161117,   66,  110,   95,   78,  114,   19,   22,   87,  152,   26
  344,20161118,   74,  100,   64,   40,   92,    8,    9,    8,   10,    8
  344,20161119,   70,   80,   60,   48,   79,   38,   44,    0,   -1,   -1
  344,20161120,   88,  160,   83,   57,  118,    0,    0,   59,   48,   16
  344,20161121,   60,   90,  122,   80,  140,    2,    2,   47,   61,   21
  344,20161122,   67,  100,  107,   53,  130,   34,   40,    0,    0,    0
  344,20161123,   32,   60,   81,   51,  104,    8,    9,   19,   11,    8
  344,20161124,   74,   90,   70,   37,   91,   47,   56,    0,    0,    0
  344,20161125,   53,   80,   34,   -6,   76,   70,   84,    0,   -1,   -1
  344,20161126,   15,   30,    6,  -23,   42,   41,   49,    0,    0,    0
  344,20161127,   23,   40,   67,   16,  100,   26,   31,    2,    1,    1
  344,20161128,   33,   60,    1,  -41,   43,   72,   87,    0,    0,    0
  344,20161129,   14,   30,  -19,  -68,   38,   72,   88,    0,    0,    0
  344,20161130,   31,   50,   34,  -65,   88,   57,   70,    0,    0,    0
  344,20161201,   35,   40,   84,   61,   95,    0,    0,    0,    0,    0
  344,20161202,   24,   40,   59,  -18,  103,   14,   17,    5,    5,    4
  344,20161203,    7,   20,    0,  -45,   75,   43,   53,    0,    0,    0
  344,20161204,   32,   60,   -6,  -52,   39,   70,   87,    0,    0,    0
  344,20161205,   13,   20,  -12,  -53,   59,   68,   85,    0,    0,    0
  344,20161206,   20,   40,   18,  -55,   77,   66,   83,    0,    0,    0
  344,20161207,   53,   70,   70,   41,  103,    9,   11,    0,    0,    0
  344,20161208,   58,   70,   83,   65,  111,   22,   28,    0,   -1,   -1
  344,20161209,   50,   60,   93,   73,  106,    7,    9,    0,    0,    0
  344,20161210,   54,   90,   82,   67,   99,    0,    0,   73,   35,   15
  344,20161211,   52,  100,   85,   45,  104,    9,   11,   13,   15,   13
  344,20161212,   29,   50,   59,   14,   89,   17,   22,    0,   -1,   -1
  344,20161213,   39,   50,   67,   56,   76,    2,    3,    0,   -1,   -1
  344,20161214,   24,   40,   75,   33,   97,   41,   52,    0,    0,    0
  344,20161215,   38,   50,   59,   42,   74,    0,    0,    0,    0,    0
  344,20161216,   24,   30,   63,   36,   93,   24,   31,    0,    0,    0
  344,20161217,   22,   30,   69,   35,   88,    0,    0,    0,   -1,   -1
  344,20161218,   25,   40,   65,   29,   94,   13,   17,    0,    0,    0
  344,20161219,   23,   40,   46,    3,   74,   38,   49,    0,    0,    0
  344,20161220,   28,   40,    9,  -33,   36,   66,   85,    0,    0,    0
  344,20161221,   67,   80,   48,   16,   69,    8,   10,   62,   44,   13
  344,20161222,   42,   60,   60,   43,   76,    2,    3,   25,    9,    5
  344,20161223,   67,  100,   63,   43,   82,   15,   19,    9,    6,    5
  344,20161224,   75,   90,   83,   66,   98,   12,   15,   16,    3,    2
  344,20161225,   94,  110,  105,   88,  117,    0,    0,   15,    5,    2
  344,20161226,   79,  110,   82,   59,  117,   50,   64,    9,   10,   10
  344,20161227,   35,   70,   51,   -6,   94,   53,   68,    0,    0,    0
  344,20161228,   24,   40,   18,  -19,   47,    0,    0,    0,    0,    0
  344,20161229,   25,   30,   -4,  -19,   14,    8,   10,    0,    0,    0
  344,20161230,   33,   40,   13,  -16,   43,   22,   28,    0,   -1,   -1
  344,20161231,   43,   50,   25,   15,   41,    0,    0,   10,    7,    6
  344,20170101,   47,   70,    9,   -8,   26,    0,    0,   42,   20,    5
  344,20170102,   27,   50,   31,   -4,   67,   45,   57,   11,   19,    5
  344,20170103,   56,   80,   55,    8,   71,    3,    4,    2,    5,    5
  344,20170104,   72,   90,   59,    6,   77,   27,   34,   14,   13,    6
  344,20170105,   29,   50,    8,  -49,   42,   65,   82,    3,    5,    3
  344,20170106,   37,   60,  -17,  -57,    5,   61,   77,    0,   -1,   -1
  344,20170107,   38,   70,    9,  -11,   31,    0,    0,   55,   26,    6
  344,20170108,   14,   30,   39,   -9,   77,   19,   24,    0,    0,    0
  344,20170109,   53,   80,   56,   45,   67,    0,    0,   73,   77,   26
  344,20170110,   29,   50,   60,   35,   79,   17,   21,   29,   22,    7
  344,20170111,   85,  100,   75,   61,  102,   30,   37,    9,    5,    3
  344,20170112,   63,   80,   55,    3,   73,    0,    0,   99,  179,   36
  344,20170113,   78,  110,   38,    6,   65,    5,    6,   58,  107,   27
  344,20170114,   58,   80,   31,   -3,   50,   32,   39,   24,   39,   11
  344,20170115,   19,   30,   16,  -12,   43,   18,   22,   12,   16,    5
  344,20170116,   22,   40,   -5,  -36,   34,   44,   53,    0,    0,    0
  344,20170117,   22,   30,  -33,  -53,   -2,   44,   53,    0,   -1,   -1
  344,20170118,   20,   30,  -34,  -53,  -12,   28,   33,    0,   -1,   -1
  344,20170119,   15,   30,  -17,  -58,   28,   73,   87,    0,    0,    0
  344,20170120,   26,   40,   -9,  -54,   45,   61,   72,    0,    0,    0
  344,20170121,   27,   50,   -5,  -53,   42,   75,   88,    0,    0,    0
  344,20170122,    8,   20,  -21,  -67,   49,   75,   88,    0,    0,    0
  344,20170123,   24,   40,    2,  -60,   38,   18,   21,    0,   -1,   -1
  344,20170124,   21,   30,   23,    8,   70,   50,   58,   18,   25,   11
  344,20170125,   28,   40,   -6,  -38,   12,    2,    2,    0,    0,    0
  344,20170126,   30,   50,  -31,  -56,   -6,   45,   51,    0,    0,    0
  344,20170127,   40,   60,   18,  -49,   75,   52,   59,    0,    0,    0
  344,20170128,   50,   60,   71,   44,   99,   19,   21,    0,   -1,   -1
  344,20170129,   53,   60,   47,   34,   61,   17,   19,   39,   29,   11
  344,20170130,   43,   70,   54,   31,   73,    0,    0,   75,   61,   16
  344,20170131,   29,   50,   41,   26,   52,    0,    0,    0,    0,    0
  344,20170201,   47,   60,   46,   13,   78,    0,    0,   32,   10,    4
  344,20170202,   53,   70,  100,   69,  132,   50,   55,   20,   12,    6
  344,20170203,   49,   60,   94,   69,  115,   43,   47,    2,    2,    2
  344,20170204,   32,   60,   55,   40,   71,    0,    0,   91,   66,   17
  344,20170205,   24,   40,   45,   19,   73,   28,   30,    0,   -1,   -1
  344,20170206,   17,   40,   51,   21,   71,    0,    0,    0,    0,    0
  344,20170207,   43,   50,   34,   17,   50,    0,    0,   28,    9,    3
  344,20170208,   48,   50,    5,   -6,   17,    0,    0,    0,   -1,   -1
  344,20170209,   50,   60,   -9,  -15,   -1,    0,    0,    0,    0,    0
  344,20170210,   39,   50,  -20,  -44,  -11,    0,    0,   15,    3,    2
  344,20170211,   40,   50,   -4,  -16,    8,    0,    0,   44,   36,   14
  344,20170212,   55,   70,   10,   -8,   31,   27,   28,   28,   10,    4
  344,20170213,   65,   90,   24,   -8,   63,   85,   87,    0,    0,    0
  344,20170214,   40,   70,   43,    2,   97,   88,   89,    0,    0,    0
  344,20170215,   31,   60,   71,   -8,  136,   81,   82,    3,    8,    8
  344,20170216,   46,   60,   67,   46,   97,   13,   13,    0,    0,    0
  344,20170217,   38,   60,   70,   36,   86,    1,    1,   14,    6,    2
  344,20170218,   25,   40,   55,   32,   88,   36,   36,    0,    0,    0
  344,20170219,   43,   60,   65,   36,   91,   13,   13,    5,    1,    1
  344,20170220,   60,   80,   91,   74,  109,    2,    2,   52,   41,   10
  344,20170221,   58,  110,   98,   88,  115,   65,   63,    8,    7,    7
  344,20170222,   93,  120,   94,   84,  104,    0,    0,  134,  185,   35
  344,20170223,  120,  150,   82,   46,  106,    4,    4,   94,   87,   20
  344,20170224,   43,   70,   43,    4,   84,   72,   68,    7,   10,    5
  344,20170225,   70,  100,   63,    8,   90,    9,    9,    6,    2,    1
  344,20170226,   75,   90,   89,   73,  108,    1,    1,   30,   22,    8
  344,20170227,   81,  100,   83,   42,  105,    5,    5,   57,   88,   27
  344,20170228,   75,  100,   45,   19,   63,   23,   21,   37,   70,   23
  344,20170301,   48,   70,   66,   38,   89,   22,   20,   71,   52,    8
  344,20170302,   87,  120,   70,   49,   85,   13,   12,   36,   56,   38
  344,20170303,   45,   60,   69,   28,  101,    2,    2,   11,    3,    2
  344,20170304,   42,   60,   93,   65,  119,    2,    2,   25,   18,   12
  344,20170305,   67,  100,   69,   55,  102,   43,   39,   33,   51,   20
  344,20170306,   23,   50,   58,   13,  105,   33,   30,   14,    5,    3
  344,20170307,   32,   60,   66,   26,   97,   32,   28,    0,   -1,   -1
  344,20170308,   49,   80,   66,   22,  107,    5,    4,   90,  157,   30
  344,20170309,   53,   90,   82,   22,  136,   50,   44,   18,    8,    5
  344,20170310,   24,   40,   65,   -6,  114,   74,   65,    0,    0,    0
  344,20170311,   22,   30,   81,   25,  125,   28,   24,    0,    0,    0
  344,20170312,   24,   40,   79,   15,  150,  105,   91,    0,    0,    0
  344,20170313,   23,   40,   61,    3,  118,   85,   73,    0,    0,    0
  344,20170314,   42,   70,   81,   26,  130,   44,   38,    0,    0,    0
  344,20170315,   14,   30,   92,   37,  143,   73,   62,    0,    0,    0
  344,20170316,   31,   60,   99,   35,  160,  104,   88,    0,    0,    0
  344,20170317,   70,  120,   81,   71,   94,   42,   35,   40,   54,   23
  344,20170318,   67,  120,  103,   81,  131,    5,    4,  121,   96,   22
  344,20170319,   89,  110,  111,   99,  133,   31,   26,    7,    3,    3
  344,20170320,   91,  120,  104,   90,  113,    3,    2,   59,   42,   14
  344,20170321,   60,   80,   76,   47,   93,   84,   69,    0,    0,    0
  344,20170322,   47,   70,   80,   33,  125,   98,   80,    0,    0,    0
  344,20170323,   48,   70,   79,    4,  138,   96,   78,    0,    0,    0
  344,20170324,   57,   80,   84,   40,  136,  103,   83,    0,    0,    0
  344,20170325,   56,   80,   83,   16,  138,  105,   84,    0,    0,    0
  344,20170326,   43,   60,   76,   31,  129,   84,   67,    0,    0,    0
  344,20170327,   26,   50,   96,   16,  172,  115,   91,    0,    0,    0
  344,20170328,   33,   70,  112,   27,  188,  108,   85,    0,    0,    0
  344,20170329,   66,   90,  124,  100,  149,   31,   24,    5,    1,    1
  344,20170330,   45,   60,  163,  113,  214,   72,   56,    0,    0,    0
  344,20170331,   48,   80,  141,   80,  200,   56,   44,    0,   -1,   -1
  344,20170401,   23,   40,  105,   67,  135,    1,    1,   18,    5,    3
  344,20170402,   28,   50,  101,   49,  155,  113,   87,    0,    0,    0
  344,20170403,   17,   30,   94,   58,  143,   59,   45,    0,    0,    0
  344,20170404,   20,   50,   95,   48,  151,  108,   82,    0,    0,    0
  344,20170405,   40,   60,   85,   38,  123,   72,   55,    0,    0,    0
  344,20170406,   32,   50,   78,   33,  110,   52,   39,    0,   -1,   -1
  344,20170407,   30,   40,  103,   72,  142,   55,   41,    0,    0,    0
  344,20170408,   15,   30,  100,   45,  155,   82,   61,    0,    0,    0
  344,20170409,   28,   50,  135,   30,  210,  121,   90,    0,    0,    0
  344,20170410,   43,   60,   92,   39,  144,   64,   47,    0,    0,    0
  344,20170411,   40,   60,   94,   32,  133,  100,   74,    0,    0,    0
  344,20170412,   55,   80,  100,   85,  116,    8,    6,    8,    4,    3
  344,20170413,   41,   50,   86,   36,  124,   75,   55,    0,    0,    0
  344,20170414,   38,   70,   96,   41,  126,   21,   15,   13,    3,    2
  344,20170415,   58,   80,   97,   44,  123,   68,   49,   37,   31,   14
  344,20170416,   43,   70,   84,   66,  113,   34,   24,    9,    2,    1
  344,20170417,   46,   70,   65,   22,  108,   95,   68,   45,   86,   35
  344,20170418,   31,   60,   57,   12,  111,   79,   56,   35,   54,   20
  344,20170419,   20,   40,   44,  -12,   90,   76,   54,    0,    0,    0
  344,20170420,   26,   50,   70,  -24,  119,  130,   92,    0,    0,    0
  344,20170421,   41,   60,  112,   79,  141,    8,    6,    4,    1,    1
  344,20170422,   38,   60,   78,   40,  114,   43,   30,   28,   14,    4
  344,20170423,   28,   50,   71,   25,  112,   71,   49,    2,    1,    1
  344,20170424,   52,   70,   98,   65,  131,   33,   23,   28,   41,   27
  344,20170425,   55,   80,   63,   36,   98,   97,   67,   22,   26,   12
  344,20170426,   28,   60,   61,   12,  111,   98,   67,   12,   24,   10
  344,20170427,   30,   60,   66,    5,  105,   63,   43,   10,    5,    3
  344,20170428,   30,   50,   75,   27,  119,   66,   45,   14,   29,   26
  344,20170429,   19,   40,   82,   12,  137,   70,   47,    0,    0,    0
  344,20170430,   66,   90,  130,   54,  189,  103,   70,    0,    0,    0
  344,20170501,   41,   70,  118,   91,  137,    4,    3,    0,   -1,   -1
  344,20170502,   18,   30,  101,   72,  137,    4,    3,   51,   99,   59
  344,20170503,   38,   60,  106,   77,  140,   21,   14,   69,   55,   20
  344,20170504,   61,   80,  112,   89,  145,   76,   51,    0,   -1,   -1
  344,20170505,   51,   80,   95,   69,  126,    7,    5,    0,   -1,   -1
  344,20170506,   48,   70,  128,   55,  185,  115,   76,    0,    0,    0
  344,20170507,   38,   50,  103,   82,  137,   17,   11,    2,    1,    1
  344,20170508,   44,   70,   98,   35,  157,   68,   45,    0,   -1,   -1
  344,20170509,   22,   40,   80,   11,  141,  100,   65,    0,    0,    0
  344,20170510,   21,   40,   92,   11,  156,  105,   68,    0,    0,    0
  344,20170511,   35,   50,  157,   44,  234,  107,   69,    0,   -1,   -1
  344,20170512,   38,   60,  156,  113,  208,   19,   12,   52,  107,   21
  344,20170513,   35,   50,  139,   83,  181,   19,   12,   16,   21,   16
  344,20170514,   47,   80,  141,   85,  195,  100,   64,    0,   -1,   -1
  344,20170515,   35,   60,  155,   70,  212,   80,   51,    4,    1,    1
  344,20170516,   36,   70,  204,  171,  266,   29,   18,    0,    0,    0
  344,20170517,   35,   60,  230,  156,  298,   95,   60,    0,    0,    0
  344,20170518,   38,   70,  156,  131,  189,   44,   28,   41,   34,   24
  344,20170519,   59,   90,  129,   90,  172,   23,   15,    4,    5,    4
  344,20170520,   37,   60,  130,   88,  175,   97,   61,    3,    1,    1
  344,20170521,   28,   40,  148,   83,  203,  102,   64,    0,    0,    0
  344,20170522,   23,   50,  179,   79,  248,  126,   79,    0,    0,    0
  344,20170523,   30,   60,  156,  113,  195,  108,   67,    0,    0,    0
  344,20170524,   29,   50,  160,  105,  213,   99,   62,    0,    0,    0
  344,20170525,   25,   40,  171,   82,  239,  138,   86,    0,    0,    0
  344,20170526,   50,   70,  209,  130,  263,  148,   92,    0,    0,    0
  344,20170527,   43,   60,  222,  157,  313,  133,   82,    0,    0,    0
  344,20170528,   24,   40,  191,  145,  240,   98,   60,    0,    0,    0
  344,20170529,   38,   60,  207,  155,  269,   89,   55,    0,   -1,   -1
  344,20170530,   55,   70,  174,  154,  197,   48,   29,    0,   -1,   -1
  344,20170531,   28,   50,  166,   94,  219,  146,   89,    0,    0,    0
  344,20170601,   17,   30,  169,   75,  234,  142,   87,    0,    0,    0
  344,20170602,   20,   40,  205,  120,  261,  125,   76,    0,    0,    0
  344,20170603,   29,   60,  178,  134,  222,   68,   41,    8,   32,   32
  344,20170604,   40,   70,  152,  112,  187,  130,   79,    0,    0,    0
  344,20170605,   50,   80,  183,  113,  226,   83,   50,    0,   -1,   -1
  344,20170606,  100,  130,  144,  115,  190,   25,   15,   48,   87,   19
  344,20170607,   96,  110,  144,  117,  178,   47,   28,   16,   38,   28
  344,20170608,   50,   80,  168,  122,  235,   55,   33,   28,   14,    4
  344,20170609,   59,   90,  165,  138,  194,   82,   49,   39,  106,   50
  344,20170610,   41,   60,  182,  123,  248,  109,   66,    0,    0,    0
  344,20170611,   50,   80,  202,  147,  278,   82,   49,    0,    0,    0
  344,20170612,   64,   90,  163,  144,  192,   50,   30,    0,    0,    0
  344,20170613,   26,   40,  164,  108,  207,  124,   74,    0,    0,    0
  344,20170614,   28,   40,  183,   95,  245,  147,   88,    0,    0,    0
  344,20170615,   51,   80,  201,  153,  254,  101,   61,    0,    0,    0
  344,20170616,   45,   70,  165,  120,  192,   79,   47,    0,    0,    0
  344,20170617,   30,   50,  190,  138,  233,   83,   50,    0,    0,    0
  344,20170618,   18,   30,  217,  128,  279,  150,   90,    0,    0,    0
  344,20170619,   21,   40,  236,  155,  302,  140,   84,    0,    0,    0
  344,20170620,   40,   60,  220,  159,  284,  104,   62,    0,    0,    0
  344,20170621,   40,   50,  226,  137,  293,  131,   78,    0,    0,    0
  344,20170622,   55,   80,  224,  162,  292,   76,   45,    9,   22,   21
  344,20170623,   57,   90,  190,  149,  234,   75,   45,    0,    0,    0
  344,20170624,   68,   80,  178,  164,  191,    0,    0,   28,   13,    5
  344,20170625,   62,   80,  177,  162,  194,    8,    5,   16,   24,   11
  344,20170626,   29,   40,  165,  120,  199,  122,   73,    0,   -1,   -1
  344,20170627,   47,   60,  178,  115,  230,   41,   25,   10,   22,   16
  344,20170628,   39,   50,  179,  148,  221,    6,    4,   49,   50,   16
  344,20170629,   34,   60,  170,  129,  209,   14,    8,    0,   -1,   -1
  344,20170630,   30,   50,  168,  120,  209,   15,    9,   30,   41,   15
  344,20170701,   43,   70,  159,  128,  188,   15,    9,   67,   79,   20
  344,20170702,   35,   50,  159,  108,  194,   65,   39,    0,   -1,   -1
  344,20170703,   52,   80,  172,   94,  221,   74,   45,    3,    3,    3
  344,20170704,   16,   30,  189,  143,  240,   56,   34,    0,    0,    0
  344,20170705,   23,   40,  190,  127,  247,  132,   80,    0,    0,    0
  344,20170706,   30,   50,  203,  114,  263,   71,   43,   20,   52,   18
  344,20170707,   33,   60,  201,  153,  245,   98,   59,    0,    0,    0
  344,20170708,   26,   50,  187,  118,  245,   88,   53,    0,    0,    0
  344,20170709,   20,   40,  184,  103,  241,  142,   86,    0,    0,    0
  344,20170710,   31,   70,  194,  150,  267,   21,   13,    0,   -1,   -1
  344,20170711,   41,   70,  179,  151,  212,   18,   11,   43,   96,   47
  344,20170712,   43,   90,  153,   99,  188,   64,   39,  107,  363,   70
  344,20170713,   16,   30,  150,   79,  202,   46,   28,    0,    0,    0
  344,20170714,   40,   80,  151,   85,  195,   53,   32,   11,   34,   16
  344,20170715,   33,   50,  173,  114,  219,   40,   25,   17,    7,    5
  344,20170716,   33,   50,  191,  161,  218,    3,    2,   22,   18,   10
  344,20170717,   24,   40,  187,  139,  233,  146,   90,    0,   -1,   -1
  344,20170718,   43,   70,  207,  126,  263,  119,   74,    0,    0,    0
  344,20170719,   45,   80,  230,  183,  294,   64,   40,    4,   46,   45
  344,20170720,   45,   90,  193,  147,  255,   32,   20,   16,   19,   13
  344,20170721,   40,   50,  190,  139,  233,  133,   83,    0,    0,    0
  344,20170722,   37,   70,  192,  143,  240,   81,   51,   21,   11,    3
  344,20170723,   46,   70,  165,  132,  202,   67,   42,   31,   72,   30
  344,20170724,   28,   50,  159,  127,  199,   64,   40,   45,   89,   29
  344,20170725,   45,   70,  169,  119,  204,   72,   45,   24,  121,   51
  344,20170726,   37,   70,  188,  126,  236,   81,   51,   24,   29,   19
  344,20170727,   58,   80,  183,  161,  212,   59,   37,    0,   -1,   -1
  344,20170728,   67,   90,  175,  151,  206,   26,   17,   26,   31,   12
  344,20170729,   50,   90,  182,  169,  214,   10,    6,   85,  313,  178
  344,20170730,   55,   80,  184,  147,  217,   77,   49,   13,   25,   10
  344,20170731,   35,   60,  181,  142,  224,   52,   33,    0,   -1,   -1
  344,20170801,   19,   30,  179,  120,  235,   45,   29,    0,    0,    0
  344,20170802,   39,   80,  183,  158,  221,   10,    6,   58,   30,    8
  344,20170803,   88,  140,  190,  169,  221,   69,   45,    9,   15,   11
  344,20170804,   70,   90,  182,  157,  213,   92,   60,    7,    8,    8
  344,20170805,   30,   50,  161,  108,  202,   37,   24,   12,   38,   15
  344,20170806,   28,   50,  159,  104,  209,  116,   76,    0,    0,    0
  344,20170807,   28,   50,  166,  110,  212,  103,   68,    0,    0,    0
  344,20170808,   24,   40,  158,  129,  182,   11,    7,   41,  102,   32
  344,20170809,   42,   70,  172,  137,  215,  100,   66,    0,    0,    0
  344,20170810,   19,   40,  160,  107,  199,    9,    6,   14,   19,   18
  344,20170811,   29,   60,  170,  119,  209,   72,   48,    9,    6,    6
  344,20170812,   35,   50,  172,  129,  211,   34,   23,   55,   44,   19
  344,20170813,   18,   40,  169,   95,  216,  103,   69,    0,    0,    0
  344,20170814,   23,   60,  184,  110,  252,   63,   43,    0,    0,    0
  344,20170815,   20,   30,  177,  144,  215,   22,   15,   41,   56,   24
  344,20170816,   25,   40,  178,  128,  228,   72,   49,    0,    0,    0
  344,20170817,   48,   70,  181,  129,  211,   17,   12,   32,   27,   17
  344,20170818,   57,   80,  172,  119,  206,   40,   28,    5,    2,    2
  344,20170819,   61,   80,  161,  132,  192,   80,   55,   27,   83,   34
  344,20170820,   35,   60,  160,  130,  190,   68,   47,    1,    1,    1
  344,20170821,   22,   40,  170,  127,  215,   57,   40,    0,    0,    0
  344,20170822,   25,   40,  185,  122,  239,   88,   62,    0,    0,    0
  344,20170823,   41,   50,  201,  150,  261,   65,   46,    0,   -1,   -1
  344,20170824,   40,   60,  179,  134,  210,   82,   58,    0,    0,    0
  344,20170825,   17,   40,  179,  128,  234,   72,   51,    0,    0,    0
  344,20170826,   17,   40,  180,  109,  245,   77,   55,    0,    0,    0
  344,20170827,   13,   30,  186,  116,  249,  103,   74,    0,    0,    0
  344,20170828,   13,   30,  191,  123,  259,   99,   71,    0,    0,    0
  344,20170829,   19,   40,  214,  142,  283,   77,   56,    2,    5,    5
  344,20170830,   36,   70,  173,  136,  216,    5,    4,  138,  344,   67
  344,20170831,   26,   50,  151,  112,  193,   82,   60,   70,   82,   23
  344,20170901,   15,   30,  144,   85,  182,   51,   37,   13,   43,   26
  344,20170902,   15,   40,  138,   80,  195,   95,   70,    0,   -1,   -1
  344,20170903,   16,   40,  139,   67,  200,   90,   67,    0,    0,    0
  344,20170904,   31,   50,  164,  101,  203,   17,   13,    0,    0,    0
  344,20170905,   43,   60,  188,  170,  222,   13,   10,   12,   15,   10
  344,20170906,   48,   70,  159,  129,  186,   45,   34,   26,   46,   20
  344,20170907,   48,   80,  160,  115,  187,   25,   19,    2,    8,    7
  344,20170908,   72,  100,  155,  141,  164,    0,    0,  140,  429,  167
  344,20170909,   30,   50,  138,  103,  182,   50,   38,   82,  261,   62
  344,20170910,   64,  100,  149,  112,  179,   44,   34,    9,    7,    6
  344,20170911,   83,  110,  142,  119,  167,   40,   31,   49,  174,   42
  344,20170912,   60,   80,  149,  130,  176,   93,   72,   12,   12,    8
  344,20170913,   93,  140,  141,  104,  173,   55,   43,   38,  133,   36
  344,20170914,   50,  100,  121,   88,  144,   18,   14,   69,  226,   53
  344,20170915,   38,   60,  124,   95,  162,   79,   62,   69,  176,   63
  344,20170916,   25,   30,  113,   85,  134,    3,    2,  132,  107,   36
  344,20170917,   20,   30,  119,   62,  168,   82,   65,    8,   22,   16
  344,20170918,   25,   40,  123,   79,  165,   31,   25,   28,   22,    7
  344,20170919,   18,   30,  129,   78,  182,   70,   56,    0,   -1,   -1
  344,20170920,   36,   50,  147,  109,  183,   60,   48,    3,    3,    3
  344,20170921,   33,   50,  145,  109,  190,   85,   69,    0,    0,    0
  344,20170922,   17,   40,  130,   74,  195,   47,   38,    5,    2,    2
  344,20170923,   15,   30,  121,   66,  189,   99,   81,    0,    0,    0
  344,20170924,   25,   40,  135,   50,  205,  100,   82,    0,    0,    0
  344,20170925,   28,   50,  135,   90,  180,   52,   43,    0,    0,    0
  344,20170926,   22,   40,  134,   85,  178,   39,   33,    0,    0,    0
  344,20170927,   25,   40,  140,   60,  208,   57,   48,    0,    0,    0
  344,20170928,   28,   40,  164,  133,  200,   18,   15,   29,   21,   10
  344,20170929,   37,   60,  173,  130,  236,   27,   23,    7,  138,  119
  344,20170930,   24,   40,  137,   93,  164,   14,   12,   24,    7,    4
  344,20171001,   62,   80,  148,  116,  168,   24,   21,    0,   -1,   -1
  344,20171002,   75,   90,  158,  135,  178,   32,   28,    7,    8,    5
  344,20171003,   48,   70,  139,  123,  163,   51,   44,    4,    5,    5
  344,20171004,   62,   90,  134,  116,  150,    6,    5,   32,   22,    9
  344,20171005,   85,  120,  134,  111,  164,   59,   52,   58,  184,   58
  344,20171006,   51,   80,  119,   91,  152,   54,   48,   36,   53,   19
  344,20171007,   58,   80,  130,   97,  152,    0,    0,   68,  122,   40
  344,20171008,   22,   40,  131,  112,  163,   27,   24,   12,   12,    6
  344,20171009,   30,   50,  131,   93,  149,    0,    0,   28,   42,   16
  344,20171010,   55,   80,  143,   98,  158,    7,    6,    6,    9,    9
  344,20171011,   82,   90,  150,  142,  162,    2,    2,   11,   50,   49
  344,20171012,   53,   80,  137,  116,  161,   45,   41,    0,    0,    0
  344,20171013,   55,   80,  156,  112,  186,   21,   19,    0,    0,    0
  344,20171014,   41,   60,  153,  101,  198,   79,   73,    0,    0,    0
  344,20171015,   36,   50,  165,   91,  225,   89,   83,    0,    0,    0
  344,20171016,   50,   60,  194,  155,  246,   68,   64,    0,   -1,   -1
  344,20171017,   34,   60,  132,   93,  160,   11,   10,    0,    0,    0
  344,20171018,   23,   50,  143,  102,  179,   70,   66,    0,   -1,   -1
  344,20171019,   35,   60,  168,  113,  209,   50,   48,    5,    6,    4
  344,20171020,   75,  110,  137,  116,  170,   14,   13,   36,   72,   40
  344,20171021,   74,  110,  134,  112,  173,   52,   50,   12,   25,   13
  344,20171022,   61,   90,  112,  100,  130,    8,    8,  115,  168,   39
  344,20171023,   48,   60,  131,  111,  159,   66,   65,   43,   17,    5
  344,20171024,   69,  100,  156,  136,  167,    0,    0,   22,    7,    2
  344,20171025,   54,   80,  147,  101,  172,   16,   16,    0,    0,    0
  344,20171026,   32,   40,  140,  114,  172,   30,   30,    0,   -1,   -1
  344,20171027,   44,   70,  118,   90,  150,   71,   71,    9,   19,   12
  344,20171028,   71,  100,  128,  105,  152,    0,    0,    0,    0,    0
  344,20171029,   69,  120,  106,   53,  151,   55,   56,   23,   13,    3
  344,20171030,   19,   40,   85,   45,  118,   38,   39,    8,    8,    4
  344,20171031,   43,   70,  106,   68,  125,    1,    1,    0,   -1,   -1
  344,20171101,   45,   60,  116,  103,  134,   11,   11,    0,    0,    0
  344,20171102,   25,   50,  103,   63,  137,    5,    5,    8,    4,    3
  344,20171103,   22,   40,  107,   89,  135,   15,   16,    0,    0,    0
  344,20171104,   45,   70,  112,   88,  134,   17,   18,   30,   17,    9
  344,20171105,   36,   60,   80,   31,  112,   50,   53,   21,   52,   22
  344,20171106,   18,   40,   61,    5,  111,   57,   61,   10,   14,    7
  344,20171107,   21,   30,   41,   -5,   98,   75,   81,    0,    0,    0
  344,20171108,   15,   30,   52,    8,   81,    0,    0,    6,    1,    1
  344,20171109,   38,   60,   90,   66,  117,   19,   21,   15,    5,    3
  344,20171110,   65,  100,   97,   74,  127,   42,   46,    9,    9,    5
  344,20171111,   40,   60,   77,   45,  111,   17,   19,   19,   13,    5
  344,20171112,   39,   70,   61,   44,   77,   11,   12,   87,  137,   18
  344,20171113,   35,   60,   67,   19,  108,   51,   57,   18,   33,   18
  344,20171114,   46,   70,   81,   39,   96,    8,    9,   40,   15,    7
  344,20171115,   31,   40,   99,   89,  109,    1,    1,   27,   17,   10
  344,20171116,   36,   50,   95,   40,  115,    0,    0,   35,   15,    6
  344,20171117,   19,   30,   57,   16,  110,   48,   55,    0,    0,    0
  344,20171118,   55,   90,   80,   50,  104,    8,    9,   12,    9,    8
  344,20171119,   48,   70,   72,   48,  104,   56,   65,   10,   15,    5
  344,20171120,   59,   80,   87,   52,  125,    0,    0,   94,   83,   23
  344,20171121,   66,   90,  119,  112,  127,    7,    8,   31,   21,    9
  344,20171122,   83,  100,  117,  107,  128,   43,   51,    4,    5,    5
  344,20171123,   83,  130,  112,   86,  142,   22,   26,   21,   30,   13
  344,20171124,   18,   40,   68,   37,   92,   15,   18,   56,   43,   17
  344,20171125,   31,   50,   43,   10,   76,   24,   29,   10,   10,    5
  344,20171126,   49,   70,   63,   42,   81,   25,   30,    4,    8,    3
  344,20171127,   68,  100,   76,   55,  101,    0,    0,   92,  189,   47
  344,20171128,   42,   60,   57,    9,   84,   34,   41,   26,   29,   12
  344,20171129,   19,   40,   35,    0,   77,   42,   51,   26,   37,   17
  344,20171130,   16,   30,   20,  -12,   57,   10,   12,   73,  135,   25
  344,20171201,   16,   30,    2,  -40,   39,   27,   33,    0,    0,    0
  344,20171202,   31,   50,   -4,  -44,   12,    5,    6,    0,    0,    0
  344,20171203,   30,   40,   45,   12,   71,    0,    0,   68,   26,    4
  344,20171204,   33,   50,   66,   26,  105,   31,   39,    4,    2,    2
  344,20171205,   41,   70,   82,   65,   93,    0,    0,    0,    0,    0
  344,20171206,   63,   80,   84,   68,   93,    0,    0,    0,    0,    0
  344,20171207,   87,  110,   60,   41,   76,    0,    0,   40,   75,   38
  344,20171208,   69,  100,   35,    7,   64,   20,   25,   60,  119,   30
  344,20171209,   60,   80,   34,    9,   48,    9,   11,   54,   73,   19
  344,20171210,   56,   90,   17,    0,   48,    0,    0,   75,  187,   43
  344,20171211,   63,   90,    6,   -8,   18,    0,    0,   92,   80,   11
  344,20171212,   39,   60,   19,    0,   30,   23,   29,   21,   22,    8
  344,20171213,   73,  100,   48,   21,   74,    0,    0,   87,  156,   43
  344,20171214,   63,   80,   43,   12,   66,   15,   19,   49,   89,   24
  344,20171215,   33,   50,   26,   -5,   45,    5,    6,   24,   20,    7
  344,20171216,   34,   60,   32,    3,   74,   36,   46,   26,   40,    6
  344,20171217,   39,   90,   30,  -11,   60,   57,   73,   47,   58,   20
  344,20171218,   48,   70,   60,    3,   85,   34,   44,   13,    9,    6
  344,20171219,   31,   60,   49,    1,   76,   19,   25,    0,    0,    0
  344,20171220,   20,   30,   81,   64,   91,    2,    3,    7,    1,    1
  344,20171221,   22,   30,   88,   77,  100,    0,    0,   26,    9,    4
  344,20171222,   24,   40,   91,   85,   98,    0,    0,   59,   17,    7
  344,20171223,   65,   90,   87,   81,   93,    0,    0,    0,   -1,   -1
  344,20171224,   79,  100,   82,   72,   96,    0,    0,   13,    3,    2
  344,20171225,   81,  100,   75,   49,   92,    0,    0,   21,    6,    3
  344,20171226,   82,  110,   60,   51,   76,   23,   30,   25,   14,    4
  344,20171227,   65,  100,   55,   39,   73,    2,    3,  103,   59,   12
  344,20171228,   55,   70,   41,   22,   55,   35,   45,   10,   12,    6
  344,20171229,   67,   90,   36,    5,   73,    0,    0,   63,   99,   24
  344,20171230,   84,  120,   91,   47,  117,    5,    6,   50,   59,   18
  344,20171231,   87,  120,  105,   85,  130,    2,    3,  146,  253,   45
  344,20180101,   65,  120,   68,   54,   86,   10,   13,   32,   19,    8
  344,20180102,   63,   90,   70,   57,   93,    7,    9,   70,   64,   21
  344,20180103,  112,  140,   88,   56,  111,    2,    3,   28,   89,   55
  344,20180104,   78,  130,   83,   72,  107,    0,    0,   12,   10,    7
  344,20180105,   53,   90,   66,   52,   84,    0,    0,   46,   60,   31
  344,20180106,   32,   60,   50,   26,   72,    2,    3,    0,    0,    0
  344,20180107,   72,   80,   12,  -10,   30,   64,   80,    0,    0,    0
  344,20180108,   61,   90,   13,   -5,   35,   29,   36,    0,    0,    0
  344,20180109,   33,   60,   32,   -3,   60,    0,    0,    0,   -1,   -1
  344,20180110,   38,   50,   72,   46,   77,    0,    0,   35,   12,    6
  344,20180111,   17,   30,   46,    2,   71,    2,    2,    0,   -1,   -1
  344,20180112,   17,   20,   56,   40,   66,    0,    0,    0,    0,    0
  344,20180113,   33,   60,   43,    7,   64,    0,    0,    0,    0,    0
  344,20180114,   42,   50,   36,   18,   55,   70,   85,    0,    0,    0
  344,20180115,   82,  110,   56,   29,   84,    0,    0,   87,  140,   28
  344,20180116,   72,   90,   57,   32,   73,   15,   18,   29,   32,   10
  344,20180117,   87,  120,   51,   28,   65,   24,   29,    9,   13,    4
  344,20180118,   88,  200,   54,   14,  100,    2,    2,   64,  115,   23
  344,20180119,   45,   60,   44,   19,   69,   32,   38,    9,   13,    4
  344,20180120,   35,   50,   30,   14,   43,    8,    9,   16,   12,    6
  344,20180121,   39,   70,   33,  -16,   71,   21,   25,   42,   23,    8
  344,20180122,   46,   60,   67,   28,   88,    6,    7,   25,    5,    2
  344,20180123,   64,   90,   80,   35,  114,    9,   10,   38,   14,    5
  344,20180124,   88,  120,  112,   73,  141,    2,    2,   30,   52,   21
  344,20180125,   52,   70,   78,   61,   91,    8,    9,    1,    1,    1
  344,20180126,   25,   30,   52,   27,   78,   11,   13,    0,    0,    0
  344,20180127,   60,  100,   51,    3,   77,   18,   20,   35,   14,    6
  344,20180128,   75,   90,   97,   77,  112,   26,   29,    4,    3,    3
  344,20180129,   82,  120,   87,   39,  108,    2,    2,   20,   28,   16
  344,20180130,   33,   50,   45,    6,   74,   53,   59,    0,    0,    0
  344,20180131,   77,  110,   69,   20,   97,    2,    2,   65,   62,    9
  344,20180201,   52,   70,   42,   25,   64,   37,   41,   46,   71,   28
  344,20180202,   46,   80,   44,   -8,   72,   30,   33,   40,   59,   16
  344,20180203,   27,   50,   24,   -9,   44,    2,    2,   26,   50,   23
  344,20180204,   53,   90,   21,    2,   42,   45,   49,    4,    1,    1
  344,20180205,   54,   70,   13,  -23,   41,   47,   50,    0,    0,    0
  344,20180206,   35,   60,  -19,  -44,   15,   72,   77,    0,    0,    0
  344,20180207,   18,   30,  -14,  -59,   22,   85,   90,    0,    0,    0
  344,20180208,   35,   50,   18,  -21,   53,   46,   48,    0,   -1,   -1
  344,20180209,   54,   70,    8,   -4,   24,    3,    3,   50,   10,    3
  344,20180210,   48,   90,   35,    7,   67,   62,   64,   33,   17,    7
  344,20180211,   78,  110,   47,   25,   71,   27,   28,   59,   78,   21
  344,20180212,   53,   70,   31,   15,   59,   54,   55,    2,    1,    1
  344,20180213,   60,   80,   29,    0,   66,   87,   89,    0,    0,    0
  344,20180214,   69,   90,   29,   -7,   61,   78,   79,    8,    4,    4
  344,20180215,   58,   90,   49,    4,  100,   39,   39,   53,   49,   14
  344,20180216,   29,   50,   38,   -5,   79,   87,   87,    0,    0,    0
  344,20180217,   20,   30,   20,  -26,   74,   56,   56,    0,    0,    0
  344,20180218,   25,   40,   22,  -44,   80,   89,   88,    0,    0,    0
  344,20180219,   34,   40,   27,   14,   39,    0,    0,    0,   -1,   -1
  344,20180220,   25,   40,   15,  -26,   48,   15,   15,    0,    0,    0
  344,20180221,   27,   50,    6,  -32,   51,   92,   89,    0,    0,    0
  344,20180222,   50,   70,    5,  -26,   52,   92,   89,    0,    0,    0
  344,20180223,   55,   80,   -4,  -38,   35,   80,   77,    0,    0,    0
  344,20180224,   76,   90,   -1,  -33,   43,   85,   81,    0,    0,    0
  344,20180225,   66,   70,  -18,  -43,   18,   95,   90,    0,    0,    0
  344,20180226,   51,   80,  -31,  -56,    5,   86,   81,    0,    0,    0
  344,20180227,   41,   50,  -31,  -64,    6,   92,   86,    0,    0,    0
  344,20180228,   74,  100,  -59,  -80,  -33,   68,   63,    0,   -1,   -1
  344,20180301,  105,  120,  -41,  -78,    4,   45,   41,    0,    0,    0
  344,20180302,   91,  110,  -35,  -66,   -4,   13,   12,   20,    2,    1
  344,20180303,   54,   70,  -14,  -36,   13,   24,   22,   28,    3,    1
  344,20180304,   42,   80,   49,  -12,  106,   39,   35,   42,   52,   22
  344,20180305,   47,   70,   67,   32,  114,   91,   82,    0,   -1,   -1
  344,20180306,   23,   40,   60,   12,  109,   26,   23,    0,   -1,   -1
  344,20180307,   31,   50,   57,    7,   97,   20,   18,   11,    3,    1
  344,20180308,   70,  110,   52,   25,   89,   33,   29,   31,   40,   25
  344,20180309,   38,   60,   68,   26,   99,   33,   29,   49,   37,   12
  344,20180310,   45,   70,  115,   78,  144,   18,   16,   53,   44,   14
  344,20180311,   29,   50,   99,   65,  135,   27,   23,   37,   90,   32
  344,20180312,   42,   60,   99,   57,  133,   25,   22,   29,   25,   11
  344,20180313,   49,   80,   55,   19,   78,    7,    6,   58,   20,    5
  344,20180314,   44,   80,   69,    3,  125,   96,   82,    0,    0,    0
  344,20180315,   65,   90,   72,   44,  103,   19,   16,   97,   73,   13
  344,20180316,   54,   80,   48,    1,   70,    0,    0,   54,   29,   13
  344,20180317,  100,  110,  -13,  -22,    1,    0,    0,    8,    1,    1
  344,20180318,   87,  100,   -7,  -25,   19,   63,   53,    0,    0,    0
  344,20180319,   62,   90,   -3,  -39,   44,  110,   91,    0,    0,    0
  344,20180320,   52,   80,   39,  -22,   81,   99,   82,    2,    1,    1
  344,20180321,   31,   60,   33,  -26,   81,   80,   66,    0,   -1,   -1
  344,20180322,   48,   70,   63,   45,  100,   14,   11,   60,   64,   24
  344,20180323,   55,   80,   62,   50,   72,    5,    4,    0,    0,    0
  344,20180324,   25,   40,   68,   20,  105,   39,   31,    0,    0,    0
  344,20180325,   25,   60,   56,    3,  122,   35,   28,    0,    0,    0
  344,20180326,   25,   60,   50,   -2,  114,   80,   64,    0,    0,    0
  344,20180327,   32,   60,   59,   -2,   88,    9,    7,   62,   31,   10
  344,20180328,   30,   70,   57,   33,   76,    0,    0,  100,  115,   26
  344,20180329,   39,   60,   71,   29,  105,   66,   52,   20,    7,    4
  344,20180330,   45,   70,   89,   63,  132,   18,   14,   28,   47,   25
  344,20180331,   26,   40,   73,   38,  113,   13,   10,    0,   -1,   -1
  344,20180401,   27,   50,   52,   10,   71,    1,    1,   39,  117,   41
  344,20180402,   45,   60,   85,   38,  133,   15,   12,   78,   38,   11
  344,20180403,   57,   90,  121,   89,  169,   40,   31,   46,  113,   39
  344,20180404,   56,   80,  106,   80,  147,   28,   21,    9,    9,    4
  344,20180405,   58,   90,   63,   23,  100,   58,   44,    6,    7,    4
  344,20180406,   54,   80,   99,   32,  149,  119,   90,    0,    0,    0
  344,20180407,   38,   60,  142,   72,  208,   93,   70,    0,    0,    0
  344,20180408,   18,   30,  132,   81,  206,   64,   48,    0,    0,    0
  344,20180409,   35,   50,  116,   86,  156,   10,    7,   19,    6,    3
  344,20180410,   34,   70,  144,   79,  188,   55,   41,   27,  183,  164
  344,20180411,   24,   40,  130,  104,  158,   22,   16,    0,   -1,   -1
  344,20180412,   34,   60,  105,   74,  132,   14,   10,   14,    6,    4
  344,20180413,   28,   50,  100,   56,  134,   29,   21,    0,    0,    0
  344,20180414,   19,   30,  113,   70,  160,   49,   36,   23,   17,    8
  344,20180415,   28,   60,  135,  100,  172,   30,   22,   39,   25,   11
  344,20180416,   41,   60,  109,   74,  145,   96,   69,    4,    1,    1
  344,20180417,   44,   70,  140,   76,  194,  115,   82,    0,    0,    0
  344,20180418,   28,   40,  173,  108,  239,  126,   90,    0,    0,    0
  344,20180419,   28,   50,  194,  129,  275,  126,   89,    0,    0,    0
  344,20180420,   23,   40,  168,   95,  244,  124,   88,    0,    0,    0
  344,20180421,   26,   40,  148,   72,  215,  128,   90,    0,    0,    0
  344,20180422,   40,   70,  175,  111,  252,  101,   71,    0,   -1,   -1
  344,20180423,   53,   70,  120,   98,  149,   92,   64,    0,    0,    0
  344,20180424,   66,  100,  127,   99,  146,    3,    2,    3,    1,    1
  344,20180425,   73,  110,  112,   93,  141,   61,   42,   18,   24,   17
  344,20180426,   67,   90,  102,   79,  130,   85,   58,    8,    9,    6
  344,20180427,   33,   50,  110,   66,  149,   23,   16,    3,    1,    1
  344,20180428,   40,   70,  110,   53,  137,    9,    6,   10,   16,    9
  344,20180429,   38,   70,   97,   55,  121,    0,    0,   88,  166,   63
  344,20180430,   45,  100,   89,   59,  111,    0,    0,  171,  333,   52
  344,20180501,   60,  100,   86,   58,  126,   86,   58,   65,  107,   25
  344,20180502,   61,   90,  113,   64,  167,   99,   66,   13,    9,    5
  344,20180503,   21,   40,  100,   44,  145,  136,   91,    0,    0,    0
  344,20180504,   21,   50,  117,   25,  180,  133,   88,    0,    0,    0
  344,20180505,   33,   50,  147,   61,  213,  138,   91,    0,    0,    0
  344,20180506,   29,   50,  176,   77,  249,  140,   92,    0,    0,    0
  344,20180507,   27,   40,  184,  107,  251,  142,   93,    0,    0,    0
  344,20180508,   19,   30,  193,  108,  272,  142,   93,    0,    0,    0
  344,20180509,   26,   40,  155,  104,  210,  128,   84,    0,    0,    0
  344,20180510,   38,   70,  116,   49,  164,   62,   40,    0,    0,    0
  344,20180511,   26,   40,  135,   29,  189,  110,   71,    0,    0,    0
  344,20180512,   33,   50,  183,  108,  230,   53,   34,    0,    0,    0
  344,20180513,   39,   50,  132,  110,  173,   14,    9,    0,   -1,   -1
  344,20180514,   33,   40,  149,  104,  219,   98,   63,    0,    0,    0
  344,20180515,   31,   50,  177,   97,  242,  143,   91,    0,    0,    0
  344,20180516,   50,   90,  135,   91,  196,   77,   49,    0,    0,    0
  344,20180517,   50,   70,  103,   60,  136,  116,   74,    0,    0,    0
  344,20180518,   33,   40,  101,   56,  134,   25,   16,    0,    0,    0
  344,20180519,   16,   20,  105,   71,  131,    8,    5,    0,    0,    0
  344,20180520,   25,   50,  148,   45,  224,  117,   74,    0,    0,    0
  344,20180521,   37,   70,  189,   96,  260,  111,   70,    0,    0,    0
  344,20180522,   25,   50,  186,  143,  241,   29,   18,   33,   42,   16
  344,20180523,   33,   50,  185,  136,  239,   28,   17,   26,   11,    4
  344,20180524,   35,   50,  176,  133,  207,   25,   16,   27,   15,    5
  344,20180525,   23,   40,  186,  140,  237,   95,   59,    0,    0,    0
  344,20180526,   36,   50,  225,  147,  287,  129,   80,    0,    0,    0
  344,20180527,   41,   60,  212,  163,  262,   49,   30,    0,   -1,   -1
  344,20180528,   31,   40,  234,  152,  294,  122,   75,    0,    0,    0
  344,20180529,   33,   60,  220,  166,  298,   74,   45,   24,  178,   86
  344,20180530,   24,   40,  201,  165,  273,   78,   48,    4,   16,   16
  344,20180531,   22,   60,  195,  149,  242,   83,   51,   14,  162,  111
  344,20180601,   28,   50,  159,  137,  205,   12,    7,   79,  155,   64
  344,20180602,   33,   50,  161,  134,  187,   11,    7,   15,   33,   29
  344,20180603,   25,   40,  180,  120,  235,  119,   72,    0,    0,    0
  344,20180604,   30,   40,  173,  142,  220,   67,   41,    0,    0,    0
  344,20180605,   35,   50,  155,  121,  189,   73,   44,    0,    0,    0
  344,20180606,   28,   40,  187,  110,  264,  153,   93,    0,    0,    0
  344,20180607,   20,   50,  191,  135,  275,   89,   54,    0,    0,    0
  344,20180608,   20,   40,  179,  154,  235,   17,   10,   16,   10,    9
  344,20180609,   30,   40,  187,  149,  233,   82,   49,    0,    0,    0
  344,20180610,   35,   50,  175,  127,  218,  101,   61,    0,    0,    0
  344,20180611,   45,   70,  175,  114,  231,  130,   78,    0,    0,    0
  344,20180612,   38,   60,  148,  127,  164,   27,   16,    0,    0,    0
  344,20180613,   32,   50,  153,  116,  183,   89,   53,    0,    0,    0
  344,20180614,   53,   90,  164,  132,  203,   33,   20,   14,    8,    5
  344,20180615,   19,   30,  181,  130,  234,   73,   44,    0,    0,    0
  344,20180616,   47,   70,  166,  143,  200,   48,   29,    0,   -1,   -1
  344,20180617,   60,   70,  161,  142,  188,   37,   22,    4,    1,    1
  344,20180618,   63,   80,  169,  149,  192,   36,   22,    7,    2,    2
  344,20180619,   37,   50,  183,  146,  214,    6,    4,    0,    0,    0
  344,20180620,   45,   70,  185,  151,  242,   74,   44,    0,    0,    0
  344,20180621,   65,   90,  139,  112,  165,   71,   42,    0,   -1,   -1
  344,20180622,   54,   80,  125,   73,  162,   14,    8,    0,   -1,   -1
  344,20180623,   28,   40,  145,   70,  195,  104,   62,    0,    0,    0
  344,20180624,   31,   50,  149,   92,  186,   57,   34,    0,    0,    0
  344,20180625,   31,   50,  160,  113,  208,   96,   57,    0,    0,    0
  344,20180626,   31,   50,  161,   82,  218,  155,   93,    0,    0,    0
  344,20180627,   42,   60,  178,  108,  238,  137,   82,    0,    0,    0
  344,20180628,   36,   60,  212,  137,  275,  153,   92,    0,    0,    0
  344,20180629,   37,   60,  190,  136,  256,  155,   93,    0,    0,    0
  344,20180630,   43,   60,  215,  129,  288,  153,   92,    0,    0,    0
  344,20180701,   63,   80,  215,  157,  272,  153,   92,    0,    0,    0
  344,20180702,   54,   80,  208,  117,  274,  153,   92,    0,    0,    0
  344,20180703,   41,   60,  199,  127,  264,  151,   91,    0,    0,    0
  344,20180704,   30,   40,  188,  135,  254,  130,   78,    0,    0,    0
  344,20180705,   24,   40,  179,  119,  228,  139,   84,    0,    0,    0
  344,20180706,   22,   40,  196,  132,  260,   99,   60,    0,    0,    0
  344,20180707,   21,   40,  193,  118,  254,  115,   70,    0,    0,    0
  344,20180708,   26,   50,  187,  125,  245,  129,   78,    0,    0,    0
  344,20180709,   33,   50,  175,  116,  230,   51,   31,    0,   -1,   -1
  344,20180710,   46,   70,  156,  128,  189,   27,   16,    2,    1,    1
  344,20180711,   32,   60,  172,   94,  225,   98,   60,    0,    0,    0
  344,20180712,   32,   50,  176,  128,  224,  106,   65,    0,    0,    0
  344,20180713,   24,   40,  185,  137,  240,  124,   76,    0,    0,    0
  344,20180714,   25,   40,  188,  112,  250,  149,   91,    0,    0,    0
  344,20180715,   21,   30,  214,  128,  285,  142,   87,    0,    0,    0
  344,20180716,   25,   70,  234,  148,  299,  124,   76,    3,    4,    4
  344,20180717,   41,   70,  194,  138,  239,  130,   80,    0,   -1,   -1
  344,20180718,   27,   40,  192,  138,  240,   90,   56,    0,    0,    0
  344,20180719,   23,   40,  190,  113,  253,  113,   70,    0,    0,    0
  344,20180720,   21,   40,  193,  108,  252,  117,   73,    0,   -1,   -1
  344,20180721,   30,   50,  200,  134,  257,  130,   81,    0,    0,    0
  344,20180722,   25,   50,  205,  132,  268,  101,   63,    0,    0,    0
  344,20180723,   16,   30,  228,  150,  291,  145,   91,    0,    0,    0
  344,20180724,   18,   40,  242,  169,  305,  117,   74,    0,    0,    0
  344,20180725,   23,   40,  243,  176,  307,   81,   51,    0,    0,    0
  344,20180726,   28,   80,  267,  196,  361,  108,   68,   16,  102,   92
  344,20180727,   36,   60,  285,  203,  361,   81,   51,    0,    0,    0
  344,20180728,   55,  100,  206,  168,  260,   92,   59,   13,   30,   23
  344,20180729,   53,   90,  219,  172,  262,   39,   25,    0,   -1,   -1
  344,20180730,   42,   70,  232,  172,  295,   58,   37,    0,   -1,   -1
  344,20180731,   34,   90,  203,  133,  264,  102,   66,    0,   -1,   -1
  344,20180801,   18,   40,  198,  123,  259,  110,   71,    0,    0,    0
  344,20180802,   18,   40,  218,  151,  278,  132,   85,    0,    0,    0
  344,20180803,   18,   40,  232,  142,  310,  140,   91,    0,    0,    0
  344,20180804,   30,   60,  214,  164,  277,  110,   72,    0,    0,    0
  344,20180805,   28,   50,  206,  152,  263,  138,   90,    0,    0,    0
  344,20180806,   20,   30,  228,  147,  308,  137,   90,    0,    0,    0
  344,20180807,   23,   50,  257,  152,  344,   91,   60,   13,   25,   22
  344,20180808,   54,   90,  197,  139,  229,   51,   34,    7,    6,    5
  344,20180809,   35,   80,  174,  134,  218,    8,    5,   62,   94,   24
  344,20180810,   64,  100,  166,  114,  221,   74,   49,   47,   83,   28
  344,20180811,   33,   60,  158,  106,  206,  112,   75,    0,   -1,   -1
  344,20180812,   40,   70,  213,  133,  275,   29,   19,    0,   -1,   -1
  344,20180813,   34,   60,  191,  169,  237,   28,   19,    6,    4,    2
  344,20180814,   40,   60,  191,  168,  225,   60,   41,    4,    3,    3
  344,20180815,   45,   70,  195,  171,  218,   11,    7,    0,   -1,   -1
  344,20180816,   44,   70,  186,  160,  228,   44,   30,   22,   50,   35
  344,20180817,   24,   50,  178,  136,  225,  120,   82,    4,    1,    1
  344,20180818,   48,   60,  186,  149,  217,   31,   21,    0,    0,    0
  344,20180819,   56,   80,  195,  171,  235,    8,    6,    0,    0,    0
  344,20180820,   25,   40,  201,  165,  243,   53,   37,    0,    0,    0
  344,20180821,   17,   30,  201,  138,  253,   51,   36,    0,    0,    0
  344,20180822,   28,   60,  194,  158,  244,   82,   57,    0,    0,    0
  344,20180823,   46,   90,  186,  139,  230,    3,    2,   10,   25,   13
  344,20180824,   56,   80,  158,  104,  192,   82,   58,   31,  157,   72
  344,20180825,   36,   60,  130,   79,  174,   71,   50,   53,  161,   31
  344,20180826,   57,   90,  146,   80,  194,   50,   36,   23,   15,    8
  344,20180827,   56,   80,  175,  148,  192,   11,    8,    4,    1,    1
  344,20180828,   23,   40,  171,  104,  219,   26,   19,    0,    0,    0
  344,20180829,   20,   60,  148,   94,  192,    7,    5,   43,   95,   57
  344,20180830,   28,   50,  149,   94,  194,   95,   69,    0,   -1,   -1
  344,20180831,   12,   30,  139,   80,  199,   84,   61,    0,    0,    0
  344,20180901,   13,   30,  140,   63,  207,   80,   59,    0,    0,    0
  344,20180902,   26,   50,  156,   70,  229,  108,   80,    0,    0,    0
  344,20180903,   24,   40,  179,  118,  225,   11,    8,   20,   23,   17
  344,20180904,   21,   30,  197,  176,  230,   32,   24,    0,   -1,   -1
  344,20180905,   21,   40,  183,  161,  226,   41,   31,   42,  412,  141
  344,20180906,   26,   40,  164,  121,  192,   19,   14,   35,   57,   34
  344,20180907,   52,   80,  151,  136,  167,   99,   75,   20,   57,   28
  344,20180908,   42,   70,  151,   98,  179,   27,   20,    0,   -1,   -1
  344,20180909,   45,   60,  184,  151,  232,   36,   27,    0,   -1,   -1
  344,20180910,   48,   70,  174,  149,  202,   35,   27,    0,    0,    0
  344,20180911,   74,  100,  186,  154,  222,   38,   29,    0,    0,    0
  344,20180912,   32,   50,  154,  132,  185,    1,    1,   13,    9,    4
  344,20180913,   13,   30,  136,   82,  191,  103,   80,    0,    0,    0
  344,20180914,   42,   70,  144,   74,  188,   80,   63,    0,   -1,   -1
  344,20180915,   32,   60,  156,  119,  194,   94,   74,    0,   -1,   -1
  344,20180916,   36,   70,  161,  113,  218,   60,   47,    0,    0,    0
  344,20180917,   30,   50,  173,  114,  236,  108,   86,    0,    0,    0
  344,20180918,   65,   90,  191,  147,  236,  105,   84,    0,    0,    0
  344,20180919,   62,  100,  190,  148,  228,   63,   51,    0,    0,    0
  344,20180920,   59,   80,  198,  166,  230,   44,   35,    0,    0,    0
  344,20180921,   91,  110,  157,   98,  202,   72,   58,   19,   82,   51
  344,20180922,   45,   70,  123,  104,  161,    6,    5,   75,   96,   30
  344,20180923,   28,   60,  101,   73,  112,    3,    2,  103,  152,   43
  344,20180924,   31,   60,  103,   49,  156,   72,   59,    7,   11,    6
  344,20180925,   15,   30,  109,   38,  168,   89,   74,    0,   -1,   -1
  344,20180926,   38,   60,  129,   64,  184,   96,   80,    0,    0,    0
  344,20180927,   26,   40,  145,   95,  208,  105,   88,    0,    0,    0
  344,20180928,   38,   60,  125,   45,  159,   53,   45,    0,    0,    0
  344,20180929,   13,   30,   90,   30,  156,  101,   86,    0,    0,    0
  344,20180930,   25,   50,  108,   23,  172,   81,   69,    7,   18,   18
  344,20181001,   43,   80,  103,   76,  137,   62,   53,   34,   66,   27
  344,20181002,   50,   80,  126,   90,  172,   37,   32,   79,   69,   19
  344,20181003,   37,   50,  136,  105,  162,   84,   73,    0,   -1,   -1
  344,20181004,   39,   60,  149,  110,  189,   24,   21,    0,    0,    0
  344,20181005,   23,   40,  138,   86,  207,   94,   82,    0,    0,    0
  344,20181006,   30,   70,  142,   78,  204,   70,   62,   19,   14,    5
  344,20181007,   28,   60,  103,   49,  149,   71,   63,    0,    0,    0
  344,20181008,   32,   50,  113,   49,  168,   76,   68,    0,    0,    0
  344,20181009,   27,   40,  129,   78,  183,   90,   81,    0,    0,    0
  344,20181010,   34,   60,  151,   63,  229,   93,   84,    0,    0,    0
  344,20181011,   48,   60,  189,  142,  236,   56,   51,   13,   24,   15
  344,20181012,   53,   70,  185,  142,  223,   67,   61,    0,    0,    0
  344,20181013,   46,   60,  207,  165,  258,   75,   69,    0,    0,    0
  344,20181014,   37,   80,  185,  125,  235,   80,   74,    0,    0,    0
  344,20181015,   25,   60,  165,  113,  234,   59,   55,    0,    0,    0
  344,20181016,   21,   40,  163,   98,  238,   76,   71,    0,    0,    0
  344,20181017,   15,   30,  137,   84,  189,   65,   61,    0,    0,    0
  344,20181018,   31,   50,  124,   69,  171,   76,   72,    4,    1,    1
  344,20181019,   20,   30,   94,   30,  155,   92,   88,    0,    0,    0
  344,20181020,   13,   30,   97,   34,  161,   48,   46,    0,    0,    0
  344,20181021,   27,   40,  128,   95,  161,   35,   34,    0,    0,    0
  344,20181022,   33,   50,  111,   38,  149,   61,   59,    8,    8,    8
  344,20181023,   67,   80,  133,   53,  152,    6,    6,    0,    0,    0
  344,20181024,   48,   70,  143,  130,  158,   18,   18,   18,    7,    2
  344,20181025,   30,   40,  122,  110,  135,    0,    0,   16,    8,    4
  344,20181026,   51,   70,  100,   58,  129,   11,   11,   35,   66,   19
  344,20181027,   25,   50,   70,   38,  104,   43,   43,   47,   53,   15
  344,20181028,   50,   80,   43,   16,   78,   85,   86,    0,    0,    0
  344,20181029,   48,   60,   44,   16,   58,    0,    0,    0,    0,    0
  344,20181030,   53,   90,   60,   38,  102,    0,    0,  164,  260,   49
  344,20181031,   43,   70,   86,   51,  119,   53,   54,   21,   24,   10
  344,20181101,   46,   50,  106,   87,  129,    9,    9,   31,   11,    5
  344,20181102,   30,   50,   73,   22,  111,   80,   83,   27,   38,   15
  344,20181103,   32,   50,   61,   24,  102,   51,   53,    0,    0,    0
  344,20181104,   25,   40,   68,   14,  114,   72,   76,    0,    0,    0
  344,20181105,   28,   40,   85,   46,  126,   45,   48,    0,    0,    0
  344,20181106,   35,   50,  136,   59,  193,   52,   55,    0,    0,    0
  344,20181107,   59,   70,  113,  100,  133,    3,    3,   15,    7,    4
  344,20181108,   41,   70,   95,   49,  130,   82,   89,    0,    0,    0
  344,20181109,   42,   60,   96,   65,  120,   27,   29,    0,    0,    0
  344,20181110,   58,   80,  115,   96,  132,    6,    7,   66,   51,   14
  344,20181111,   58,   80,  114,   94,  135,    6,    7,    6,    6,    6
  344,20181112,   37,   50,  105,   94,  120,    4,    4,   70,   33,   10
  344,20181113,   67,   90,  105,   87,  131,   56,   62,    1,    1,    1
  344,20181114,   37,   50,   89,   21,  128,   76,   85,    0,    0,    0
  344,20181115,   25,   30,   79,   20,  133,   74,   84,    0,    0,    0
  344,20181116,   23,   40,   26,  -18,   56,    0,    0,    0,    0,    0
  344,20181117,   39,   60,   40,    4,   85,   75,   86,    0,    0,    0
  344,20181118,   45,   60,   25,  -24,   80,   70,   80,    0,    0,    0
  344,20181119,   67,   90,   46,   17,   73,   13,   15,    0,   -1,   -1
  344,20181120,   76,   90,   34,   23,   43,    0,    0,    3,    2,    1
  344,20181121,   38,   60,   34,   14,   50,    3,    4,    4,    2,    1
  344,20181122,   32,   40,   32,  -13,   47,    0,    0,    0,    0,    0
  344,20181123,   27,   40,   34,  -14,   78,   22,   26,    0,    0,    0
  344,20181124,   35,   50,   25,    3,   36,    0,    0,    0,    0,    0
  344,20181125,   38,   50,   34,   20,   46,    0,    0,    0,    0,    0
  344,20181126,   39,   50,   50,   36,   65,    0,    0,    9,    2,    2
  344,20181127,   34,   60,   38,   22,   50,    0,    0,    0,    0,    0
  344,20181128,   67,   70,   75,   47,  106,    0,    0,  101,   62,   11
  344,20181129,   70,   90,  108,  101,  121,    2,    2,   88,   47,    7
  344,20181130,   64,   90,   95,   70,  113,   44,   54,    0,   -1,   -1
  344,20181201,   63,   80,   80,   57,  102,   10,   12,   89,   39,    9
  344,20181202,   76,   90,  123,  101,  134,    0,    0,   68,  109,   40
  344,20181203,   73,   90,  114,   68,  135,   17,   21,   12,   12,    5
  344,20181204,   18,   40,   54,   19,   96,   35,   44,    8,    7,    5
  344,20181205,   42,   60,   72,   29,   97,    0,    0,   38,   27,    9
  344,20181206,   66,  100,  115,   97,  125,    0,    0,   56,   28,    5
  344,20181207,   82,  100,  103,   76,  119,    0,    0,   83,  130,   28
  344,20181208,   99,  110,   99,   78,  114,   11,   14,   45,   90,   39
  344,20181209,   82,  110,   86,   59,  106,   19,   24,   39,   45,    9
  344,20181210,   54,   80,   61,   32,   87,   22,   28,   21,   37,   17
  344,20181211,   23,   40,   50,   -6,   90,   57,   73,    0,   -1,   -1
  344,20181212,   26,   50,   15,  -34,   56,   63,   80,    0,    0,    0
  344,20181213,   45,   70,    6,  -22,   31,   66,   84,    0,    0,    0
  344,20181214,   25,   40,    2,  -38,   22,   57,   73,    0,    0,    0
  344,20181215,   59,   90,    6,   -6,   15,   19,   24,   23,   35,   20
  344,20181216,   42,   70,   27,   -4,   46,    0,    0,   18,   20,   10
  344,20181217,   46,   70,   64,   34,   92,   23,   30,   42,   32,   11
  344,20181218,   63,   90,   74,   56,   90,   16,   21,    0,    0,    0
  344,20181219,   53,   60,   76,   59,   99,   17,   22,   34,   13,    4
  344,20181220,   68,   90,   78,   68,   89,    2,    3,   21,   32,   10
  344,20181221,   88,  120,  102,   76,  123,    0,    0,   89,  136,   37
  344,20181222,   64,   80,   98,   73,  108,   22,   28,   16,   40,   29
  344,20181223,   33,   50,   73,   58,   85,    0,    0,  121,  101,   19
  344,20181224,   15,   40,   64,   35,  100,   25,   32,    0,   -1,   -1
  344,20181225,   38,   60,   54,   37,   78,   39,   50,    0,    0,    0
  344,20181226,   30,   50,   44,   16,   55,    0,    0,    0,    0,    0
  344,20181227,   15,   30,   17,  -14,   60,    9,   12,    0,    0,    0
  344,20181228,   19,   30,   33,  -28,   63,    0,    0,    0,   -1,   -1
  344,20181229,   60,   80,   86,   63,  111,    0,    0,    0,   -1,   -1
  344,20181230,   36,   60,   86,   50,   97,    0,    0,   22,    4,    2
